version https://git-lfs.github.com/spec/v1
oid sha256:878ea71e434924914b201968e8d5bf80d96440b3aee849af6d32891991b0970f
size 2807
