version https://git-lfs.github.com/spec/v1
oid sha256:a779036f4fb49389c2db0959294c2e3a190552328f0a9d26e5aa8d946c9c65e0
size 287
