version https://git-lfs.github.com/spec/v1
oid sha256:f08063147bbfe791cd7bdecb7c765c56548ad76af09112da152a0e94ca226b37
size 287
